275 -16693 -2249
278 -16690 -2249
-13530 -9012 -4133
13035 -10300 -312
16366 -1017 296
-7737 -14586 -3324
-15339 4467 -4196
-6586 14610 -2789
16060 2897 328
-11459 -11690 -3801
9311 13210 -477
8683 -14266 -979
8683 -14269 -972
8684 -14267 -972
5945 -15630 -1403
7820 -14767 -1060
7821 -14763 -1056
7820 -14765 -1048
3701 -16305 -1652
3695 -16303 -1653
3693 -16305 -1654
3696 -16308 -1646
3698 -16305 -1645
3394 -16366 -1770
1035 -16665 -2101
4432 -14909 -8095
-12163 -7133 -10346
-3090 14303 -8768
13525 8117 -6430
7325 -13910 -7658
6878 -15233 -1141
6034 -14692 3412
-4225 -16070 -2717
-12278 -10779 -3795
-12274 -10775 -3791
-8241 -6337 11137
-12286 -10766 -3783
-8597 -6646 10730
4647 -7078 12629
6317 -4789 12903
6315 -4791 12902
6674 2865 13080
5456 5045 12942
5452 5040 12942
13390 9141 189
13389 9136 191
13388 9138 191
13387 9139 194
13388 9141 195
13384 9139 192
13385 9142 197
13388 9141 198
13385 9140 203
13387 9141 199
7038 3279 -16631
13276 9302 169
13276 9300 170
13282 9299 171
9608 5987 -13984
9614 5969 -13988
9260 5759 -14371
9264 5751 -14372
9255 5750 -14378
13277 9304 143
13276 9304 150
13277 9309 148
11900 7768 -10194
-6435 10179 -12820
12567 6784 -10120
12567 6782 -10123
-3250 12032 -12335
14115 -3427 -10062
14119 -3436 -10044
-6605 -10286 -13115
-10349 4991 -13460
-10350 4993 -13457
10025 9782 -10443
13367 -5571 -10193
1113 -13232 -12056
-7777 -9192 -13275
-11727 -11409 -3738
-11716 -11413 -3739
-11713 -11418 -3740
-11098 -11488 -5921
-11138 -11472 -5854
-12447 9446 -5749
16083 3543 -1697
-7026 -14647 -5176
-15305 -3468 -6226
-15256 -3715 -6225
-15258 -3725 -6223
-15605 -4039 -4228
-15557 -4237 -4234
-15553 -4236 -4245
-15731 -4278 -1893
-7575 -14658 -3426
-7575 -14655 -3427
-7572 -14657 -3426
-7823 -14588 -990
-8125 -14418 -1078
-8126 -14418 -1089
11575 -11496 1753
-13205 -9758 -1752
-15131 5543 -1851
-1539 15877 245
